INSERT INTO unsequencedprimes (prime) VALUES
(30991559),
(40250047),
(486776933),
(1081262573),
(1297919957),
(1466201311),
(1927978189),
(2231255657),
(2877996427),
(3032297113),
(3483890411),
(3845584319),
(8633989279),
(9456273973),
(15589261943),
(22064639273),
(27946053071),
(28368821917),
(63208081019),
(198581753413),
(198581753423),
(198581753471),
(198581753479),
(300796521791),
(576722531467),
(2324909090389),
(6134666503127),
(6728323057037),
(139328252786003),
(404500677566341),
(639174328749857),
(729560906486653);

(9468766860610795039),
(20343282567543142231),
(59239389968995468275203),
(103646603571767524089858137),
(131445481283614103996085953),
(271846540050732898132985777),
(11407335991595121138758770609),
(12860977836358557559282938899),
(61046322037796629518000406879),
(44286861490355397972601466509083731),
(56940250487599797393344742654536239),
(132860584471066193917804399527251189),
(132860584471066193917804399527251207),
(198581753413198581753413198581753447),
(398581753413198581753413198581753707),
(1485115071811498001787715678140582668442535951396218687126679314917941);
