        Number       Bit changed from number above
     1	000000001    1
     2	000100001    5
     3	000110001    4
     4	010110001    7
     5	011110001    6
     6	011111001    3
     7	001111001    7
     8	000111001    6
     9	000111101    2
    10	100111101    8
    11	100101101    4
    12	100100101    3
    13	110100101    7
    14	010100101    8
    15	011100101    6
    16	001100101    7
    17	001100111    1
    18	001101111    3
    19	001101011    2
    20	001101001    1
    21	101101001    8
    22	111101001    7
    23	110101001    6
    24	110111001    4
    25	110111011    1
    26	110101011    4
    27	010101011    8
    28	011101011    6
    29	111101011    8
    30	101101011    7
    31	101101111    2
    32	111101111    7
    33	111001111    5
    34	110001111    6
    35	100001111    7
    36	000001111    8
    37	000000111    3
    38	000000011    2



   N Bit
   2 0
 6 4 1
10 4 2
14 4 3
18 4 4
22 4 5
28 6 6
34 6 7
40 6 8
